    408      31    17392      61192       0.92    704   1 firefox
    390      38    99828     131264      41.23   6436   1 firefox
    358      26    16336      37580       0.55   6720   1 firefox
   1156      76   169636     240224      21.66   6812   1 firefox
    345      19    10608      38788       0.11   6936   1 firefox
    408      31    17392      61192       0.92    704   1 firefox
    390      38    99828     131264      41.23   6436   1 firefox
    358      26    16336      37580       0.55   6720   1 firefox
   1156      76   169636     240224      21.66   6812   1 firefox
    345      19    10608      38788       0.11   6936   1 firefox

